# list of object assets to load in this scene
[ASSETS]
background.txt
mario.txt
brick.txt
coin.txt
goomba.txt
cloud.txt
ground.txt
block_platform.txt
question_mark_box.txt

[OBJECTS]
# type	x	y	extra_settings per object type
# See OBJECT_TYPE constants in AssetIDs.h

# BACKGROUND
30	1407	-12

# Platforms

## First clump
29	279	115	16	16	3	5	251000	252000	253000	254000	255000	256000	257000	258000	259000
29	247	147	16	16	3	3	241000	242000	243000	244000	245000	246000	247000	248000	249000

## Second clump
29	519	83	16	16	4	7	271000	272000	273000	274000	275000	276000	277000	278000	279000
29	471	115	16	16	4	5	241000	242000	243000	244000	245000	246000	247000	248000	249000
29	407	147	16	16	5	3	261000	262000	263000	264000	265000	266000	267000	268000	269000
29	519	163	16	16	6	2	261000	262000	263000	264000	265000	266000	267000	268000	269000

## Third clump
29	1335	99	16	16	7	6	251000	252000	253000	254000	255000	256000	257000	258000	259000
29	1303	131	16	16	7	4	241000	242000	243000	244000	245000	246000	247000	248000	249000
29	1271	163	16	16	7	2	261000	262000	263000	264000	265000	266000	267000	268000	269000

## Fourth clump
29	2183	51	16	16	3	9	261000	262000	263000	264000	265000	266000	267000	268000	269000
29	2151	147	16	16	3	3	241000	242000	243000	244000	245000	246000	247000	248000	249000

## Hidden clump in the sky
29	1319	-77	16	16	4	2	241000	242000	243000	244000	245000	246000	247000	248000	249000


# MARIO
0	20	10

#Goomba
#2	300	10

# Coins
4	183	132
4	199	132
4	231	84
4	247	84
4	423	100
4	663	164
4	711	132
4	1479	148

# Question Mark Boxes
18	183	132
18	199	132
18	231	84
18	247	84
18	423	100
18	663	164
18	711	132
18	1479	148

##Floor
5	-8	195	16	15	40	221000	222000	223000

5	632	179	16	15	29	221000	222000	223000
5	632	195	16	15	29	231000	232000	233000

5	1160	195	16	15	22	221000	222000	223000

5	1544	195	16	15	5	221000	222000	223000

5	1672	195	16	15	36	221000	222000	223000

5	2264	195	16	15	35	221000	222000	223000


#testing

#working

#Portal 
50	100	40	120	60	1
50	200	40	220	60	1
50	300	40	320	60	1
